0,nino12,mei,oni
1870,-1.5,,
1871,-0.74,,
1872,-1.18,,
1873,-0.88,,
1874,-1.1,,
1875,-0.66,,
1876,-1.71,,
1877,-0.06,,
1878,2.23,,
1879,-0.35,,
1880,-0.43,,
1881,-0.02,,
1882,-0.71,,
1883,-1.22,,
1884,-0.15,,
1885,0.25,,
1886,-1.08,,
1887,-0.87,,
1888,0.08,,
1889,1.66,,
1890,-0.24,,
1891,-0.32,,
1892,-0.2,,
1893,-1.4,,
1894,-0.19,,
1895,-0.54,,
1896,0.55,,
1897,1.1,,
1898,-0.45,,
1899,0.16,,
1900,1.18,,
1901,-0.33,,
1902,0.55,,
1903,0.19,,
1904,0.25,,
1905,0.25,,
1906,0.05,,
1907,-0.36,,
1908,-0.35,,
1909,0.1,,
1910,-1.34,,
1911,-0.72,,
1912,1.1,,
1913,0.23,,
1914,0.7,,
1915,0.79,,
1916,-0.61,,
1917,-0.97,,
1918,-0.9,,
1919,1.13,,
1920,0.89,,
1921,-0.44,,
1922,-0.81,,
1923,-0.07,,
1924,-0.63,,
1925,-0.7,,
1926,1.43,,
1927,0.06,,
1928,-0.44,,
1929,-0.77,,
1930,-0.83,,
1931,1.2,,
1932,0.61,,
1933,-0.67,,
1934,-0.35,,
1935,-1.05,,
1936,-0.45,,
1937,0.06,,
1938,-1.09,,
1939,-0.28,,
1940,0.51,,
1941,0.3,,
1942,0.74,,
1943,0.23,,
1944,-0.68,,
1945,-0.79,,
1946,-0.48,,
1947,-0.02,,
1948,-0.26,,
1949,-0.64,,
1950,-1.2,-1.062,-1.53
1951,0.14,-1.07,-0.82
1952,0.2,0.419,0.53
1953,-0.22,0.03,0.4
1954,-1.09,-0.051,0.76
1955,-0.29,-0.762,-0.68
1956,-1.04,-1.4369999999999998,-1.11
1957,-1.31,-0.941,-0.25
1958,0.73,1.472,1.81
1959,-0.12,0.5479999999999999,0.61
1960,-0.35,-0.299,-0.1
1961,0.13,-0.163,0.04
1962,-0.33,-1.087,-0.24
1963,-0.31,-0.7390000000000001,-0.4
1964,-0.63,0.8740000000000001,1.07
1965,-0.43,-0.557,-0.59
1966,0.77,1.306,1.37
1967,-0.82,-0.473,-0.41
1968,-1.16,-0.619,-0.64
1969,-0.08,0.664,1.13
1970,0.45,0.37200000000000005,0.51
1971,-1.08,-1.2229999999999999,-1.36
1972,-0.15,-0.596,-0.71
1973,1.33,1.726,1.84
1974,-0.82,-1.939,-1.84
1975,-0.88,-0.5379999999999999,-0.54
1976,-0.88,-1.61,-1.56
1977,0.29,0.521,0.71
1978,-0.07,0.773,0.69
1979,0.23,0.6,0.03
1980,-0.1,0.672,0.59
1981,-1.29,-0.262,-0.26
1982,-0.12,-0.27,-0.05
1983,2.73,2.6830000000000003,2.18
1984,-0.29,-0.33,-0.6
1985,-0.77,-0.561,-1.04
1986,-0.59,-0.301,-0.49
1987,0.77,1.25,1.23
1988,0.09,1.119,0.81
1989,-0.28,-1.12,-1.69
1990,-0.33,0.237,0.14
1991,-0.09,0.313,0.41
1992,0.36,1.743,1.71
1993,0.03,0.687,0.09
1994,-0.07,0.353,0.06
1995,0.91,1.22,0.96
1996,-0.61,-0.612,-0.9
1997,-0.56,-0.49,-0.5
1998,3.55,2.4659999999999997,2.24
1999,-0.23,-1.053,-1.55
2000,-0.89,-1.139,-1.66
2001,-0.76,-0.505,-0.68
2002,-0.94,0.009000000000000001,-0.15
2003,0.1,1.218,0.92
2004,-0.03,0.327,0.37
2005,0.03,0.32,0.64
2006,-0.69,-0.43799999999999994,-0.79
2007,0.57,0.985,0.71
2008,-0.8,-1.02,-1.59
2009,-0.17,-0.726,-0.8
2010,0.36,1.067,1.55
2011,-0.61,-1.739,-1.37
2012,-0.39,-0.993,-0.81
2013,-0.7,0.096,-0.38
2014,0.37,-0.275,-0.37
2015,-0.16,0.42,0.6
2016,1.82,2.227,2.53
2017,0.33,-0.055,-0.29
2018,,-0.623,-0.86
