"","V1","V2","V3","V4","V5","V6","V7","V8","V9","V10"
"1",0.00295616639778018,0.000116177288873587,0.00161786796525121,0.0258598923683167,0.356478750705719,0.147093713283539,0.0421053096652031,0.21245713531971,0.0520444102585316,0.159270495176315
"2",0.00272164307534695,0.017826572060585,0.0889854356646538,0.0272347629070282,0.208728283643723,0.0636322870850563,0.104354776442051,0.354574531316757,0.0706871673464775,0.0612545572221279
"3",0.0207669027149677,0.110314674675465,0.786231219768524,0.0444290973246098,0.00902101770043373,0.000377821619622409,0.000955451745539904,0.0073096277192235,0.000154182824189775,0.020440062507987
"4",0.329652518033981,0.531910181045532,0.0296543966978788,0.0898910984396935,6.42296654405072e-05,1.43196075441665e-05,1.00549059425248e-05,5.7199224102078e-05,2.0370955553517e-06,0.0187439788132906
"5",0.702386975288391,0.272272944450378,0.000615877157542855,0.0206945072859526,3.78616306306867e-07,1.47074757705923e-07,7.66610313007732e-08,4.32568697306124e-07,6.57612497789728e-09,0.00402855034917593
"6",0.126546531915665,0.1506227850914,0.49140939116478,0.205829933285713,0.00154893309809268,0.000129845269839279,6.30541107966565e-05,0.000690353102982044,2.71003882517107e-05,0.0231321174651384
"7",0.00284092989750206,0.000363473955076188,0.000293035467620939,0.100229740142822,0.142707034945488,0.230109080672264,0.00315259071066976,0.0700225830078125,0.329728126525879,0.120553456246853
"8",0.00285936682485044,0.0275716837495565,0.0116898836567998,0.0596209987998009,0.108791068196297,0.144395843148232,0.034449391067028,0.201387822628021,0.32736611366272,0.0818677991628647
"9",0.0362844839692116,0.0045482637360692,0.0345097854733467,0.187805444002151,0.27697280049324,0.125185310840607,0.00773089751601219,0.16424885392189,0.0551898628473282,0.107524320483208
"10",0.0269944872707129,0.00228569889441133,0.0197363011538982,0.154479265213013,0.299678415060043,0.149084195494652,0.00804035644978285,0.166106700897217,0.0599575340747833,0.113637052476406
"11",0.00305244233459234,4.9818198021967e-05,0.000158989481860772,0.0720849260687828,0.231939420104027,0.301771342754364,0.00284177623689175,0.0739926174283028,0.204227402806282,0.109881237149239
"12",0.00646345550194383,0.000357201788574457,0.00298374006524682,0.0601254217326641,0.311092168092728,0.209845185279846,0.0183722656220198,0.17542290687561,0.0928011685609818,0.122536428272724
"13",0.000900237588211894,0.00108331826049834,0.0278045888990164,0.00589489191770554,0.325804054737091,0.0275592319667339,0.215414822101593,0.30517765879631,0.0100024966523051,0.0803587213158607
"14",0.000772086379583925,0.00299470499157906,0.0141896270215511,0.0125054568052292,0.223981127142906,0.0581992901861668,0.127000853419304,0.386367529630661,0.0814692303538322,0.0925200879573822
"15",0.0383187793195248,0.0874003693461418,0.664957225322723,0.0987188145518303,0.0327655598521233,0.00311003276146948,0.00257399608381093,0.0279301553964615,0.0011827718699351,0.0430422239005566
"16",0.681833207607269,0.288133263587952,0.000993548310361803,0.0245994366705418,5.82391862735676e-07,1.96616966263718e-07,1.06770720265104e-07,6.24726453679614e-07,9.63741975112953e-09,0.00443905871361494
"17",0.673504412174225,0.295460671186447,0.00102800480090082,0.0253114514052868,6.47763897632103e-07,2.23606875238147e-07,1.20855659702102e-07,7.01223825672059e-07,1.1208624250969e-08,0.00469370931386948
"18",0.00833396147936583,0.00180336902849376,0.0045150057412684,0.124313443899155,0.247790113091469,0.208087384700775,0.00779345585033298,0.132476896047592,0.163308799266815,0.101577632129192
"19",0.000243205678998493,0.903895914554596,0.00739884469658136,0.010958768427372,0.00097437237855047,0.00255662342533469,0.00746423518285155,0.00675103813409805,0.0463314540684223,0.0134254470467567
"20",0.0435109362006187,0.0872307345271111,0.322100877761841,0.258908033370972,0.0969407930970192,0.025988943874836,0.00691889598965645,0.0600505545735359,0.0147405536845326,0.0836097002029419
"21",0.000388421263778582,0.00474414229393005,0.0651272684335709,0.00516674108803272,0.216218560934067,0.0204747915267944,0.237634092569351,0.377330809831619,0.0236460994929075,0.0492691658437252
"22",0.00182423344813287,1.87269961315906e-05,7.69288890296593e-05,0.0419412031769753,0.239208787679672,0.288152575492859,0.00630744779482484,0.0961013361811638,0.153579398989677,0.172789394855499
"23",0.012044477276504,0.000282143475487828,0.00257893605157733,0.0821454375982285,0.32012403011322,0.198076277971268,0.0101992674171925,0.152781277894974,0.0708983242511749,0.150869950652122
"24",0.000595473975408822,2.24247796722921e-05,1.21129041872337e-05,0.041942123323679,0.106190204620361,0.254832357168198,0.00176203588489443,0.0440640784800053,0.423551142215729,0.127028062939644
"25",0.000595473975408822,2.24247796722921e-05,1.21129041872337e-05,0.041942123323679,0.106190204620361,0.254832357168198,0.00176203588489443,0.0440640784800053,0.423551142215729,0.127028062939644
"26",0.00116218498442322,0.430839508771896,0.0410823822021484,0.0230730939656496,0.0236083157360554,0.0308427736163139,0.0516307987272739,0.146111860871315,0.210292011499405,0.0413570590317249
