"","V1","V2","V3","V4","V5","V6","V7","V8","V9","V10"
"1",0.00778771424666047,8.30276767374016e-05,0.00132852781098336,0.0266283042728901,0.299762636423111,0.226039126515388,0.0249647162854671,0.10351050645113,0.0835809260606766,0.226314514875412
"2",0.00154242187272757,0.0208417195826769,0.101291604340076,0.031495425850153,0.155690833926201,0.0535379983484745,0.0840693414211273,0.339777946472168,0.142937824130058,0.06881482899189
"3",0.00915136095136404,0.0363669991493225,0.766998827457428,0.0545109622180462,0.0246758367866278,0.0026974396314472,0.00356362015008926,0.046982254832983,0.00219339295290411,0.0528592988848686
"4",0.265848428010941,0.59288489818573,0.0232330150902271,0.0996577516198158,6.69926375849172e-05,3.48312714777421e-05,9.21823266253341e-06,0.000280956330243498,6.87832880430506e-06,0.0179770644754171
"5",0.698507905006409,0.273565977811813,0.000189175712876022,0.0235512834042311,2.28199127150219e-07,2.53941635719457e-07,3.98935000589518e-08,2.51791198024875e-06,1.92869684667585e-08,0.00418269960209727
"6",0.0731495842337608,0.135152071714401,0.448160141706467,0.300809472799301,0.0052568051032722,0.00145586649887264,0.000160724957822822,0.00587227521464229,0.000406402337830514,0.0295767486095428
"7",0.000601909297984093,0.00121324590872973,2.15780601138249e-05,0.0410990826785564,0.143450438976288,0.219432801008224,0.00111471547279507,0.00570355588570237,0.553829491138458,0.0335331782698631
"8",0.00131294468883425,0.26210743188858,0.010130281560123,0.104474537074566,0.0789352580904961,0.109062865376472,0.0387030020356178,0.0923449397087097,0.257482975721359,0.0454458221793175
"9",0.0419655404984951,0.00365360057912767,0.0192945804446936,0.183593764901161,0.234950557351112,0.170716881752014,0.00870636478066444,0.124084115028381,0.0640455633401871,0.148989021778107
"10",0.0161105301231146,0.00190237886272371,0.0333797335624695,0.0654834285378456,0.24902331829071,0.132582530379295,0.0419147834181786,0.284016460180283,0.0492118559777737,0.12637497484684
"11",0.00395648274570704,0.000476332614198327,0.000280043808743358,0.0504067204892635,0.29830801486969,0.284176707267761,0.00225663534365594,0.0164680071175098,0.28560471534729,0.058066338300705
"12",0.0176917649805546,0.000945668725762516,0.00620540557429194,0.0705910921096802,0.258364230394363,0.244682639837265,0.0206668600440025,0.146759301424026,0.100273080170155,0.133819952607155
"13",0.00744596729055047,0.000184779302799143,0.00783509761095047,0.0221992935985327,0.3132344186306,0.138327047228813,0.0633206069469452,0.199103862047195,0.0501591861248016,0.198189795017242
"14",0.00155956845264882,0.00373400305397809,0.000283932924503461,0.0566559433937073,0.185810998082161,0.214711055159569,0.00558430748060346,0.0229572243988514,0.457259714603424,0.051443200558424
"15",0.0680689066648483,0.0051711481064558,0.093017689883709,0.142316490411758,0.139702498912811,0.0602187477052212,0.0176405068486929,0.211363062262535,0.0199912674725056,0.242509692907333
"16",0.676262080669403,0.291789919137955,0.000293496501399204,0.0268394611775875,3.61124250503053e-07,3.82613109195518e-07,6.19394100453974e-08,3.87011186830932e-06,3.16473851569299e-08,0.00481026107445359
"17",0.671391785144806,0.295263528823853,0.000328907917719334,0.0279354937374592,4.26762085226073e-07,4.48731327651331e-07,7.3097474739825e-08,4.48987066192785e-06,3.81223372869499e-08,0.00507489033043385
"18",0.00326612987555563,0.0625397190451622,0.0107004661113024,0.150825515389442,0.204955503344536,0.201146602630615,0.0221560187637806,0.0694625303149223,0.228510707616806,0.0464367419481277
"19",2.54917413258227e-05,0.642441153526306,0.000225956013309769,0.0363808050751686,0.00565819349139929,0.0228179525583982,0.0105049656704068,0.0164650417864323,0.254337012767792,0.0111434133723378
"20",0.00638834806159139,0.0435425080358982,0.590654134750366,0.101358592510223,0.117201387882233,0.018346356227994,0.0071557336486876,0.0628772303462029,0.0142102586105466,0.0382655523717403
"21",0.000572968681808561,0.0089882779866457,0.102876849472523,0.0122613282874227,0.153374120593071,0.0266412198543549,0.134483560919762,0.37395566701889,0.129043608903885,0.0578023195266724
"22",0.00361769390292466,5.79279985686298e-05,8.56062324601226e-05,0.0287013240158558,0.317938238382339,0.304635256528854,0.00232565519399941,0.0147444615140557,0.227015912532806,0.100877836346626
"23",0.00919975433498621,8.04943920229562e-05,0.000573220662772655,0.0387589111924171,0.377668529748917,0.287459850311279,0.00559335993602872,0.0385754741728306,0.101920329034328,0.140170067548752
"24",0.000746573496144265,6.92837202223018e-05,7.53909262130037e-06,0.0230260826647282,0.238986626267433,0.248771116137505,0.000442545569967479,0.00293756858445704,0.449421226978302,0.0355913527309895
"25",0.000746573496144265,6.92837202223018e-05,7.53909262130037e-06,0.0230260826647282,0.238986626267433,0.248771116137505,0.000442545569967479,0.00293756858445704,0.449421226978302,0.0355913527309895
"26",0.000413564179325476,0.355793386697769,0.00434186868369579,0.055340688675642,0.0200488772243261,0.0504105724394321,0.0409339964389801,0.131157845258713,0.285558670759201,0.0560005754232407
